image_width: 640
image_height: 480
camera_name: camera
camera_matrix:
 rows: 3
 cols: 3
 data: [506.9581239685998, 0, 329.154490761677, 0, 508.3971490431266, 241.7940464994844, 0, 0, 1]
distortion_model: plumb_bob
distortion_coefficients:
 rows: 1
 cols: 5
 data: [0.1626510543161493, -0.3116907714354805, -0.0006177929596697854, 0.003538966224368129, 0]
rectification_matrix:
 rows: 3
 cols: 3
 data: [1, 0, 0, 0, 1, 0, 0, 0, 1]
projection_matrix:
 rows: 3
 cols: 4
 data: [513.9784545898438, 0, 331.4260556631598, 0, 0, 518.9422607421875, 241.0782866314548, 0, 0, 0, 1, 0]