image_width: 640
image_height: 480
camera_name: camera
camera_matrix:
	rows: 3
	cols: 3
	data: [671.8581643097159, 0, 310.9150378528403, 0, 674.9550828605888, 210.9125029731607, 0, 0, 1]
distortion_model: plumb_bob
distortion_coefficients:
	rows: 1
	cols: 5
	data: [0.01392396482960595, 0.03896954609281671, -0.004407843607425341, -0.001473873521746247, 0]
rectification_matrix:
	rows: 3
	cols: 3
	data: [1, 0, 0, 0, 1, 0, 0, 0, 1]
projection_matrix:
	rows: 3
	cols: 4
	data: [678.1427612304688, 0, 309.8435694658419, 0, 0, 679.8948364257812, 209.0663078590969, 0, 0, 0, 1, 0]