############################################
#Camera info for the 1080 camera (Logitech)#
############################################

image_width: 640
image_height: 480
camera_name: camera
camera_matrix:
  rows: 3
  cols: 3
  data: [639.373333711521, 0, 300.2005026224196, 0, 642.0599351574326, 233.5855079078694, 0, 0, 1]
distortion_model: plumb_bob
distortion_coefficients:
  rows: 1
  cols: 5
  data: [-0.02077640695511729, -0.02969514965557845, 0.0009439135868720123, 0.004305626544408797, 0]
rectification_matrix:
  rows: 3
  cols: 3
  data: [1, 0, 0, 0, 1, 0, 0, 0, 1]
projection_matrix:
  rows: 3
  cols: 4
  data: [634.1939697265625, 0, 301.4884614458279, 0, 0, 638.9000244140625, 233.315120278523, 0, 0, 0, 1, 0]