image: itrl_sidewalk.pgm
resolution: 0.050000
origin: [0.000000, -5.000000, 0.0]
negate: 0
occupied_thresh: 0.65
free_thresh: 0.196

datum:
  position:
    latitude: 59.3508622
    longitude: 18.0677067
    altitude: 55.746
  orientation:
    x: 0.0
    y: 0.0
    z: 0.8912074  # 2,2 radianti da est.
    w: 0.4535961  
