image: itrl_sidewalk.pgm
resolution: 0.050000
origin: [0.000000, -5.000000, 0.0]
negate: 0
occupied_thresh: 0.65
free_thresh: 0.196

datum:
  latitude: 59.3508331 
  longitude: 18.0677238 
  yaw: 2.2 