pedestrians:
- - x: 16.778127845581036
    y: 0.15697592591701448
    z: 0.0
  - x: 2.805124109252821
    y: 0.019592461375068204
    z: 0.0
