pedestrians:
- - x: 9.79705563480087
    y: 0.03371886622460152
    z: 0.0
  - x: 4.093004034488547
    y: 0.027859737444529457
    z: 0.0
- - x: 9.94536599965502
    y: -0.6130458107647396
    z: 0.0
  - x: 4.5900774643868045
    y: -0.49727360792220243
    z: 0.0
