pedestrians:
- - x: 9.839870268713923
    y: -0.36818177976840016
    z: 0.0
  - x: 4.422127107674625
    y: -0.40300287808552243
    z: 0.0
