pedestrians:
- - x: 16.07137771275452
    y: -0.3598729574836238
    z: 0.0
  - x: 3.5465348656509397
    y: -0.25266123350167136
    z: 0.0
