pedestrians:
- - x: 11.266730031175065
    y: 0.2971857742627634
    z: 0.0
  - x: 4.03278577494193
    y: 0.2245048963491419
    z: 0.0
- - x: 10.729157385728952
    y: -1.0168194455532023
    z: 0.0
  - x: 3.448099254372014
    y: -0.9905586770980583
    z: 0.0
