image: floor2.pgm
resolution: 0.050000
origin: [-17.581444, -22.876441, 0.000000]
negate: 0
occupied_thresh: 0.65
free_thresh: 0.196

