image: new_sml.pgm
resolution: 0.050000
origin: [-4.358901, -6.174519, 0.000000]
negate: 0
occupied_thresh: 0.65
free_thresh: 0.196

